
SUMMARISING RUN PARAMETERS
==========================
Input filename: ../00__HUES64/01__fastq/hESC_rep2_R1.fastq.gz
Trimming mode: paired-end
Trim Galore version: 0.4.0
Cutadapt version: 1.8.1
Quality Phred score cutoff: 20
Quality encoding type selected: ASCII+33
Adapter sequence: 'AGATCGGAAGAGC' (Illumina TruSeq, Sanger iPCR; auto-detected)
Maximum trimming error rate: 0.1 (default)
Minimum required adapter overlap (stringency): 1 bp
Minimum required sequence length for both reads before a sequence pair gets removed: 20 bp
Output file will be GZIP compressed


This is cutadapt 1.8.1 with Python 2.7.5
Command line parameters: -f fastq -e 0.1 -q 20 -O 1 -a AGATCGGAAGAGC ../00__HUES64/01__fastq/hESC_rep2_R1.fastq.gz
Trimming 1 adapter with at most 10.0% errors in single-end mode ...
Finished in 2833.30 s (36 us/read; 1.67 M reads/minute).

=== Summary ===

Total reads processed:              78,772,849
Reads with adapters:                30,023,696 (38.1%)
Reads written (passing filters):    78,772,849 (100.0%)

Total basepairs processed: 7,956,057,749 bp
Quality-trimmed:             472,158,637 bp (5.9%)
Total written (filtered):  7,146,497,684 bp (89.8%)

=== Adapter 1 ===

Sequence: AGATCGGAAGAGC; Type: regular 3'; Length: 13; Trimmed: 30023696 times.

No. of allowed errors:
0-9 bp: 0; 10-13 bp: 1

Bases preceding removed adapters:
  A: 29.1%
  C: 32.3%
  G: 19.1%
  T: 19.5%
  none/other: 0.0%

Overview of removed sequences
length	count	expect	max.err	error counts
1	9726161	19693212.2	0	9726161
2	3913524	4923303.1	0	3913524
3	1132037	1230825.8	0	1132037
4	627248	307706.4	0	627248
5	488154	76926.6	0	488154
6	830080	19231.7	0	830080
7	360343	4807.9	0	360343
8	658181	1202.0	0	658181
9	594222	300.5	0	587906 6316
10	500810	75.1	1	484986 15824
11	451153	18.8	1	435200 15953
12	476035	4.7	1	458615 17420
13	401146	1.2	1	383726 17420
14	464829	1.2	1	445952 18877
15	469379	1.2	1	450373 19006
16	449978	1.2	1	428139 21839
17	678394	1.2	1	648377 30017
18	588543	1.2	1	567719 20824
19	202115	1.2	1	189469 12646
20	430980	1.2	1	413099 17881
21	378460	1.2	1	364152 14308
22	236564	1.2	1	223032 13532
23	441996	1.2	1	425852 16144
24	251538	1.2	1	239197 12341
25	349200	1.2	1	336862 12338
26	211958	1.2	1	201170 10788
27	397579	1.2	1	380931 16648
28	320975	1.2	1	306535 14440
29	337169	1.2	1	321426 15743
30	420483	1.2	1	406473 14010
31	89258	1.2	1	82516 6742
32	249205	1.2	1	239417 9788
33	171800	1.2	1	163187 8613
34	271791	1.2	1	260669 11122
35	190898	1.2	1	180619 10279
36	299143	1.2	1	287241 11902
37	195271	1.2	1	187282 7989
38	134237	1.2	1	128746 5491
39	107617	1.2	1	102088 5529
40	182821	1.2	1	176346 6475
41	108901	1.2	1	102655 6246
42	196713	1.2	1	188713 8000
43	173615	1.2	1	167450 6165
44	101137	1.2	1	97721 3416
45	64807	1.2	1	62571 2236
46	53141	1.2	1	50676 2465
47	90046	1.2	1	86640 3406
48	85810	1.2	1	83237 2573
49	38033	1.2	1	36340 1693
50	48198	1.2	1	46293 1905
51	53159	1.2	1	51549 1610
52	22587	1.2	1	21271 1316
53	50565	1.2	1	48665 1900
54	40784	1.2	1	39042 1742
55	37053	1.2	1	35954 1099
56	12512	1.2	1	11978 534
57	13633	1.2	1	13000 633
58	23471	1.2	1	22664 807
59	15163	1.2	1	14518 645
60	14929	1.2	1	14271 658
61	16598	1.2	1	16068 530
62	7665	1.2	1	7351 314
63	7736	1.2	1	7364 372
64	11950	1.2	1	11396 554
65	12063	1.2	1	11618 445
66	7479	1.2	1	7190 289
67	6361	1.2	1	6116 245
68	4841	1.2	1	4655 186
69	4701	1.2	1	4493 208
70	5091	1.2	1	4889 202
71	5176	1.2	1	4969 207
72	4671	1.2	1	4510 161
73	1924	1.2	1	1851 73
74	979	1.2	1	942 37
75	486	1.2	1	466 20
76	184	1.2	1	171 13
77	52	1.2	1	46 6
78	31	1.2	1	28 3
79	20	1.2	1	15 5
80	21	1.2	1	19 2
81	8	1.2	1	6 2
82	14	1.2	1	12 2
83	34	1.2	1	32 2
84	8	1.2	1	8
85	6	1.2	1	6
86	9	1.2	1	4 5
87	10	1.2	1	7 3
88	2	1.2	1	1 1
89	7	1.2	1	4 3
90	5	1.2	1	1 4
91	4	1.2	1	2 2
92	3	1.2	1	0 3
93	5	1.2	1	1 4
94	5	1.2	1	0 5
95	3	1.2	1	0 3
96	3	1.2	1	0 3
97	1	1.2	1	0 1
98	1	1.2	1	0 1
99	1	1.2	1	0 1
100	3	1.2	1	0 3
101	3	1.2	1	0 3


RUN STATISTICS FOR INPUT FILE: ../00__HUES64/01__fastq/hESC_rep2_R1.fastq.gz
=============================================
78772849 sequences processed in total

