
SUMMARISING RUN PARAMETERS
==========================
Input filename: ../00__HUES64/01__fastq/hESC_rep1_R1.fastq.gz
Trimming mode: paired-end
Trim Galore version: 0.4.0
Cutadapt version: 1.8.1
Quality Phred score cutoff: 20
Quality encoding type selected: ASCII+33
Adapter sequence: 'AGATCGGAAGAGC' (Illumina TruSeq, Sanger iPCR; auto-detected)
Maximum trimming error rate: 0.1 (default)
Minimum required adapter overlap (stringency): 1 bp
Minimum required sequence length for both reads before a sequence pair gets removed: 20 bp
Output file will be GZIP compressed


This is cutadapt 1.8.1 with Python 2.7.5
Command line parameters: -f fastq -e 0.1 -q 20 -O 1 -a AGATCGGAAGAGC ../00__HUES64/01__fastq/hESC_rep1_R1.fastq.gz
Trimming 1 adapter with at most 10.0% errors in single-end mode ...
Finished in 1567.24 s (16 us/read; 3.86 M reads/minute).

=== Summary ===

Total reads processed:             100,723,713
Reads with adapters:                35,659,186 (35.4%)
Reads written (passing filters):   100,723,713 (100.0%)

Total basepairs processed: 10,173,095,013 bp
Quality-trimmed:             589,028,832 bp (5.8%)
Total written (filtered):  9,251,075,918 bp (90.9%)

=== Adapter 1 ===

Sequence: AGATCGGAAGAGC; Type: regular 3'; Length: 13; Trimmed: 35659186 times.

No. of allowed errors:
0-9 bp: 0; 10-13 bp: 1

Bases preceding removed adapters:
  A: 28.6%
  C: 32.6%
  G: 19.6%
  T: 19.2%
  none/other: 0.0%

Overview of removed sequences
length	count	expect	max.err	error counts
1	13148309	25180928.2	0	13148309
2	5197656	6295232.1	0	5197656
3	1465016	1573808.0	0	1465016
4	758732	393452.0	0	758732
5	563417	98363.0	0	563417
6	962022	24590.8	0	962022
7	430949	6147.7	0	430949
8	754937	1536.9	0	754937
9	621207	384.2	0	613794 7413
10	590010	96.1	1	571267 18743
11	525266	24.0	1	506842 18424
12	514554	6.0	1	495131 19423
13	469952	1.5	1	450191 19761
14	487435	1.5	1	466990 20445
15	534562	1.5	1	512620 21942
16	531119	1.5	1	505701 25418
17	785413	1.5	1	750426 34987
18	702637	1.5	1	678885 23752
19	189281	1.5	1	176384 12897
20	442324	1.5	1	423758 18566
21	398223	1.5	1	384024 14199
22	222204	1.5	1	208742 13462
23	480916	1.5	1	463487 17429
24	257945	1.5	1	245875 12070
25	310502	1.5	1	299253 11249
26	210523	1.5	1	200190 10333
27	365251	1.5	1	350276 14975
28	297423	1.5	1	284174 13249
29	326455	1.5	1	312259 14196
30	341424	1.5	1	329372 12052
31	112232	1.5	1	105438 6794
32	219836	1.5	1	210202 9634
33	220009	1.5	1	209040 10969
34	287599	1.5	1	275826 11773
35	155096	1.5	1	146730 8366
36	239129	1.5	1	230178 8951
37	129825	1.5	1	124954 4871
38	111621	1.5	1	106291 5330
39	144402	1.5	1	138879 5523
40	128547	1.5	1	121083 7464
41	268920	1.5	1	261991 6929
42	13966	1.5	1	12061 1905
43	87197	1.5	1	84755 2442
44	39777	1.5	1	38166 1611
45	47237	1.5	1	45806 1431
46	38468	1.5	1	36746 1722
47	61661	1.5	1	59338 2323
48	64740	1.5	1	62836 1904
49	26149	1.5	1	25001 1148
50	35735	1.5	1	34367 1368
51	38665	1.5	1	37488 1177
52	17735	1.5	1	16709 1026
53	39868	1.5	1	38437 1431
54	33231	1.5	1	31887 1344
55	31741	1.5	1	30805 936
56	10311	1.5	1	9874 437
57	11121	1.5	1	10504 617
58	19914	1.5	1	19246 668
59	13560	1.5	1	13047 513
60	13495	1.5	1	12976 519
61	16005	1.5	1	15514 491
62	7860	1.5	1	7541 319
63	7524	1.5	1	7117 407
64	12546	1.5	1	12010 536
65	14208	1.5	1	13714 494
66	9071	1.5	1	8727 344
67	7240	1.5	1	6970 270
68	5821	1.5	1	5594 227
69	5813	1.5	1	5574 239
70	6561	1.5	1	6281 280
71	6983	1.5	1	6679 304
72	6385	1.5	1	6143 242
73	2815	1.5	1	2711 104
74	1532	1.5	1	1464 68
75	690	1.5	1	654 36
76	309	1.5	1	291 18
77	76	1.5	1	74 2
78	38	1.5	1	28 10
79	30	1.5	1	23 7
80	22	1.5	1	15 7
81	17	1.5	1	14 3
82	33	1.5	1	23 10
83	30	1.5	1	25 5
84	15	1.5	1	12 3
85	12	1.5	1	7 5
86	8	1.5	1	6 2
87	17	1.5	1	12 5
88	7	1.5	1	1 6
89	5	1.5	1	1 4
90	12	1.5	1	6 6
91	7	1.5	1	2 5
92	7	1.5	1	1 6
93	4	1.5	1	2 2
94	7	1.5	1	0 7
95	1	1.5	1	0 1
96	2	1.5	1	0 2
97	3	1.5	1	0 3
98	4	1.5	1	0 4
99	6	1.5	1	0 6
100	6	1.5	1	0 6
101	3	1.5	1	0 3


RUN STATISTICS FOR INPUT FILE: ../00__HUES64/01__fastq/hESC_rep1_R1.fastq.gz
=============================================
100723713 sequences processed in total

